Diversity	LongTemp	CUETemp	Moisture	SampleID	DNAug.g_new	GROWTH	CumulativeRespiration	CUE	16S_simpson	16S_shannon	16S_inversedSimpson	16S_OUTs	16S_J	16S_PD
D0	15	15	30	1	0.566517424	0.646119713	0.586877018	52.40238656	0.466481615	1.270626657	1.874349652	35	0.357384604	3
D0	15	15	30	2	1.201933519	0.710111982	0.61393617	53.63188499	0.802049249	2.021865605	5.051761592	35	0.568682888	4
D0	15	15	30	3	1.182716829	0.859475921	0.624083351	57.9333726	0.536913244	1.421845322	2.159422585	45	0.373514943	5
D0	15	15	30	4	1.624749277	0.538916096	0.681584049	44.15534879	0.792425033	1.844552403	4.817536588	39	0.50348611	4
D0	15	15	30	5	0.485278543	0.58669048	0.34	63.3	0.856831249	2.602416104	6.984764442	94	0.572803709	9
D0	15	15	60	6	2.653100775	1.192389562	0.539523503	68.84811866	0.874250721	2.497474787	7.952331873	58	0.615074459	4
D0	15	15	60	7	4.888095238	1.568050482	0.319667896	83.06591177	0.776436056	2.045501823	4.472993192	57	0.505930221	4
D0	15	15	60	8	3.53935743	2.504118594	0.478640411	83.9530981	0.887532188	2.725776382	8.891432895	57	0.674187934	4
D0	15	15	60	9	7.225968992	0.358626674	0.458346048	43.89701941	0.803509789	2.004284058	5.08931205	43	0.532884185	3
D0	15	15	60	10	6.636078431	1.259327193	0.607171382	67.4700324	0.829512567	2.194700367	5.86553497	59	0.538241622	5
D0	25	25	30	11	0.702255644	0.203660722	0.495552381	29.12713175	0.858447854	2.427731329	7.064534342	38	0.667401739	3
D0	25	25	30	12	2.828029021	0.642858017	0.394080563	61.99576615	0.805622947	2.210096757	5.144640184	47	0.574029099	3
D0	25	25	30	13	1.636531134	0.243761976	0.387315775	38.6262985	0.908583388	2.966917452	10.93893084	61	0.721724273	4
D0	25	25	30	14	2.400663948	0.363426905	0.377168593	49.07225414	0.827643797	2.252970061	5.801937978	46	0.588451575	2
D0	25	25	30	15	2.326906738	0.035439554	0.19451932	15.41125726	0.882525795	2.658495231	8.51250709	52	0.672824918	5
D0	25	25	60	16	2.495308532	1.332511076	4.314275153	23.59768942	0.826753891	2.377609794	5.772135421	50	0.607769891	4
D0	25	25	60	17	3.498823529	1.960126257	1.013058656	65.9268197	0.843924063	2.455860611	6.407137564	62	0.595052252	4
D0	25	25	60	18	1.830651341	1.340556375	1.029970626	56.55098527	0.813621084	2.481937049	5.365413745	65	0.594563199	5
D0	25	25	60	19	1.729948315	4.584585091	2.362633843	65.9916599	0.863952167	2.475204505	7.35035597	66	0.590789613	5
D0	25	25	60	20	3.805220884	5.028562766	1.41894593	77.99233786	0.812061641	2.323891415	5.320893548	54	0.582577265	4
D1	15	15	30	21	2.158241758	0.667503467	0.627465745	51.54589474	0.015348384	0.057497448	1.015587629	7	0.029547843	1
D1	15	15	30	22	1.688014981	0.372891565	0.295991138	55.74842396	0.40226203	0.778402812	1.672973862	10	0.338056046	1
D1	15	15	30	23	1.874358974	0.568951326	0.373786199	60.35097902	0.722185697	1.445921705	3.599526689	6	0.806984269	1
D1	15	15	30	24	1.479120879	1.127324288	0.61393617	64.74185313	0.557714337	1.070457286	2.260982175	5	0.665112508	1
D1	15	15	30	25	1.353479853	1.005687118	0.488787593	67.2936859	0.610833114	1.342838139	2.5695917	12	0.540397821	2
D1	15	15	60	26	9.851340996	0.328076088	0.360256623	47.66242872	0.439693334	0.963010483	1.784736933	13	0.375450096	1
D1	15	15	60	27	4.878056869	0.296149761	0.174224956	62.96039104	0.595681396	1.180138933	2.473297024	13	0.460102235	1
D1	15	15	60	28	2.67613373	0.381471666	0.32305029	54.14617145	0.706816293	1.401531469	3.410830742	9	0.63786446	1
D1	15	15	60	29	9.201806052	0.125576814	0.522611533	19.37350684	0.671018212	1.282323032	3.03968194	10	0.556905817	1
D1	15	15	60	30	7.876276424	0.72935729	0.319667896	69.52714768	0.417292987	0.737629035	1.716128309	10	0.32034822	1
D1	25	25	30	31	2.258341515	0.453170464	1.040117807	30.34715217	0.57438089	1.067674567	2.349518566	9	0.485919636	1
D1	25	25	30	32	5.46840726	0.489572996	0.975852322	33.40825285	0.261548761	0.517672319	1.354185554	9	0.235602826	1
D1	25	25	30	33	0.611933059	0.637227931	0.928498807	40.69854052	0.547940972	0.94859575	2.212100498	8	0.456178128	1
D1	25	25	30	34	2.505486493	0.574094744	0.620700957	48.04961577	0.503711423	1.118284317	2.014956712	29	0.332101595	2
D1	25	25	30	35	2.057565547	1.564164404	0.952175565	62.16029724	0.143579236	0.334975642	1.167650345	7	0.172143427	1
D1	25	25	60	36	8.336802509	0.152238001	1.094236111	12.21349078	0.629639698	1.252874399	2.700073399	13	0.488459702	1
D1	25	25	60	37	7.379401937	0.726271967	0.908204443	44.43453344	0.76855917	1.782591768	4.320758788	18	0.616734426	1
D1	25	25	60	38	8.635340253	0.125321138	0.448198866	21.85122352	0.327751764	0.766721495	1.487545741	13	0.298922664	1
D1	25	25	60	39	0.743343598	2.653925822	0.367021411	29.2325	0.535710284	1.063343423	2.15382759	11	0.443448651	1
D1	25	25	60	40	8.854101231	0.47404873	0.759379109	38.43343847	0.668334009	1.384226193	3.015081519	23	0.44146986	2
D2	15	15	30	41	-0.025453685	0	0.035546804	NA	0.007478342	0.029418169	1.007534689	8	0.014147149	1
D2	15	15	30	42	2.379488961	0.143234847	0.17760735	44.64339429	0.737264176	1.61703334	3.806104486	11	0.674355281	1
D2	15	15	30	43	0.162602873	0	0.279079168	NA	0.792352214	1.785271786	4.815847148	9	0.812512205	1
D2	15	15	30	44	3.700762233	0.699459563	0.45158126	60.76757219	0.704229018	1.520775095	3.380994288	10	0.660464232	1
D2	15	15	30	45	1.448945857	0.378266289	0.444816472	45.95726055	0.08949776	0.251055277	1.098294937	9	0.114260181	1
D2	15	15	60	46	1.373131975	0.432209401	1.216002293	26.22293015	0.87739895	2.346654434	8.156536967	14	0.889201764	2
D2	15	15	60	47	2.330544856	0.231963616	0.187754532	55.26652048	0.45627901	0.793986664	1.839178585	11	0.331118157	1
D2	15	15	60	48	0.805716915	0.015713759	0.197901714	7.356095879	0.541587157	1.037111871	2.181439756	4	0.748118076	1
D2	15	15	60	49	1.047217924	0.02275292	0.008487652	72.83131644	0.012651825	0.04819923	1.012813944	8	0.02317893	1
D2	15	15	60	50	4.380117512	1.182854715	0.745849534	61.32898373	0.21559644	0.506980361	1.274853979	8	0.243806018	1
D2	25	25	30	51	0.854011133	5.730245868	0.850703746	87.07323721	NA	NA	NA	NA	NA	NA
D2	25	25	30	52	1.117995215	1.008912873	0.749231928	57.38508413	0.737817576	1.488683233	3.814138205	6	0.830849932	1
D2	25	25	30	53	NA	0	0.103194683	NA	0.770989236	2.099947769	4.366606985	19	0.713191132	2
D2	25	25	30	54	3.723509293	2.673971593	1.30732693	67.16330308	0.704152249	1.410489355	3.380116959	6	0.787209098	1
D2	25	25	30	55	1.064835165	1.651745041	0.992764292	62.45941432	0.556728909	1.140313643	2.255955827	22	0.368909085	2
D2	25	25	60	56	0.616495029	1.076430648	1.026588232	51.18502065	0.762533441	1.794550202	4.21111926	17	0.633397483	2
D2	25	25	60	57	20.35443615	0.010796345	0.167460168	6.056634402	0.050461375	0.122846937	1.053143047	4	0.088615333	1
D2	25	25	60	58	8.089830357	0.013160019	0.279079168	4.503166996	0.435788979	0.664598435	1.772386505	5	0.412938225	1
D2	25	25	60	59	21.84879962	0.044587332	2.964699966	20.58	0.003067979	0.01307831	1.003077421	5	0.008126011	1
D2	25	25	60	60	0.062091122	3.946799858	0.600406594	86.79614396	0.800199508	2.030878729	5.004992687	16	0.732484668	2
SF	15	15	60	68	0.186925318	1.296956529	0.911586837	58.72452172	0.702914841	1.471848846	3.366038224	12	0.592315549	1
SF	15	15	60	69	0.470954158	1.401263995	1.222767081	53.40119665	0.7714604	2.013797611	4.375609311	32	0.581059165	2
SF	15	15	60	70	0.04294615	0	NA	NA	0.5651047	1.070039945	2.299404019	17	0.377677151	2
SF	25	25	30	71	5.196305128	0.333914666	0.363639017	47.86938615	0.691995312	1.553589137	3.246703832	17	0.5483488	2
SF	25	25	30	72	0.594071976	1.358741898	0.509081957	72.7446485	0.750278243	1.808700447	4.004456851	23	0.576847005	1
SF	25	25	30	73	0.773718816	0.169569551	0.448198866	27.44872454	0.64447916	1.305283923	2.812774629	15	0.482001376	1
SF	25	25	30	74	0.732171369	1.327277695	2.592636631	33.8598649	0.741073986	1.767034543	3.862107114	26	0.542351806	2
SF	25	25	30	75	0.079004562	3.586245377	8.488149289	NA	0.429298796	0.957088784	1.752230403	14	0.362663127	1
SF	25	25	60	76	0.137683195	3.653840459	0.783055867	82.35126968	0.738366232	1.623393806	3.822136603	16	0.585515548	1
SF	25	25	60	77	0.006093023	1.19799731	0.881145292	NA	0.764031179	1.757391727	4.237848014	20	0.58663177	1
SF	25	25	60	78	3.066422424	1.010236736	0.728937564	58.08714723	0.874937268	2.323649582	7.995987164	35	0.653564586	2
SF	25	25	60	79	23.01119367	0.123596208	1.195707929	9.368287748	0.620382985	1.601504806	2.634233871	29	0.475605616	2
SF	25	25	60	80	0.76057479	3.741333376	1.053647383	78.02603522	0.47511714	1.113282869	1.905186996	24	0.350303339	1
Bonly	15	15	30	81	10.25920869	0.014444359	0.512464351	NA	0.854203442	2.19357897	6.858872496	22	0.709656695	2
Bonly	15	15	30	82	5.246525576	0.006795396	0.055841168	10.84892867	0.358080158	0.591057178	1.557826903	7	0.303743304	1
Bonly	15	15	30	83	0.127987455	0	0	NA	0.043260514	0.145396599	1.045216608	31	0.04234046	5
Bonly	15	15	30	84	0.441070556	0.028236987	0.04907638	36.52277493	0.85420419	2.285887544	6.858907673	26	0.701602153	2
Bonly	15	15	30	85	0.806067074	0	0.018634834	NA	NA	NA	NA	NA	NA	NA
Bonly	15	15	60	86	7.991592771	0.015358789	0.898057261	1.681466908	0.538165168	1.133904165	2.165276266	18	0.392303918	1
Bonly	15	15	60	87	19.32950954	0.052278938	1.087471323	4.58687661	0.48401103	1.099571913	1.938025923	14	0.416653288	2
Bonly	15	15	60	88	19.45264763	0.627326455	0.728937564	46.25400707	0.663846229	1.579922131	2.974829045	23	0.503882968	2
Bonly	15	15	60	89	20.46554239	0.046472375	0.962322747	4.606720874	0.471272512	1.021853798	1.891333479	13	0.398391413	1
Bonly	15	15	60	90	16.95595039	0.126874953	0.539523503	19.03890267	0.274264493	0.562561938	1.377912463	7	0.289099648	1
Bonly	25	25	30	91	6.883419985	0.002108506	0.069370743	2.949815395	0.600742131	1.268179788	2.504646942	17	0.447611822	1
Bonly	25	25	30	92	12.95985769	0.002625801	0.211431289	1.226682467	0.540093109	0.972087693	2.174353158	12	0.391196866	1
Bonly	25	25	30	93	4.329829459	0.02672456	0.089665107	22.96128239	0.233201643	0.634090534	1.304123817	13	0.247213666	1
Bonly	25	25	30	94	8.647041123	0.011072795	0.651142503	NA	0.173478362	0.402920697	1.209889679	9	0.183377112	1
Bonly	25	25	30	95	-0.015683044	0.083942566	0.079517925	NA	0.320227302	0.854005988	1.471079969	41	0.229968874	4
Bonly	25	25	60	96	8.557138591	0.044553883	0.424522108	9.498222873	0.809572914	1.862719319	5.25135378	18	0.644456656	1
Bonly	25	25	60	97	18.76050085	0.091255721	1.009676262	8.28895173	0.60709338	1.255226575	2.545134008	11	0.52347014	2
Bonly	25	25	60	98	8.623529412	2.680351081	0.965705141	73.51370682	0.650568427	1.36314995	2.861790628	24	0.42892601	2
Bonly	25	25	60	99	9.683836682	0.413284079	1.216002293	25.3659569	0.615981973	1.161520479	2.604044416	15	0.428913939	1
Bonly	25	25	60	100	22.32724976	0.029458897	0.245255229	10.72347356	0.535576619	0.944550285	2.153207701	8	0.454232671	1
D0	15	15	30	101	2.500358675	0.640764154	0.833791776	43.45472021	0.617093871	1.346259578	2.611606146	31	0.392039777	3
D0	15	15	30	102	1.270301943	0.873811161	0.739084746	54.17653783	0.630891443	1.322746359	2.709230064	28	0.396958336	3
D0	15	15	30	103	1.288284773	0.398129752	0.74246714	34.90538638	0.764684666	1.827572091	4.249616818	34	0.518260138	4
D0	15	15	30	104	2.31771154	1.560910111	0.718790382	68.46996418	0.441121029	1.142088293	1.789296167	35	0.321231079	3
D0	15	15	30	105	2.04008863	2.459842366	1.53056493	61.64389204	0.784328152	2.088473338	4.636673765	48	0.539489769	4
D0	15	15	60	106	5.465371226	0.938717386	0.600406594	60.99036843	0.849551366	2.235064835	6.646786836	36	0.623706718	3
D0	15	15	60	107	4.897470553	0.57997286	0.441434078	56.78176235	0.848796504	2.327108815	6.613603717	43	0.618714438	3
D0	15	15	60	108	3.331083879	1.665922491	0.536141109	75.65278729	0.881308324	2.350338594	8.425190666	36	0.655874473	3
D0	25	15	60	109	4.384977216	0.876484813	0.796585443	52.38780679	0.737376082	2.069480884	3.807726298	69	0.488764485	7
D0	25	15	60	110	3.454557297	1.376704127	0.624083351	68.8081139	0.889378459	2.697197233	9.03983065	63	0.651003989	6
D0	25	25	30	111	1.863183492	0.480766407	0.363639017	56.93549488	0.897682152	2.506170322	9.773465875	30	0.736849421	2
D0	25	25	30	112	3.262389709	0.088957582	0.377168593	45.27	0.842481645	2.079408633	6.348466512	32	0.599990505	3
D0	25	25	30	113	1.00728587	0.255968757	0.542905897	32.04116643	0.822632858	2.078145379	5.638022856	36	0.57991751	2
D0	25	25	30	114	2.006940661	0.219216219	0.475258018	31.56578133	0.685574848	2.012816119	3.180407148	50	0.514520522	4
D0	25	25	30	115	2.733823779	1.056574739	0.688348836	60.55134757	0.836332531	2.507125939	6.109949666	76	0.578914872	6
D0	25	25	60	116	1.822627801	2.884198446	0.935263595	75.51321142	0.853625297	2.321574355	6.831781578	53	0.584736439	4
D0	25	25	60	117	2.658335562	3.013919241	0.908204443	76.84406417	0.916632403	2.932222247	11.99506803	57	0.72524983	3
D0	25	25	60	118	2.370907495	2.176210444	0.755996716	74.2174862	0.466173983	1.308459898	1.873269509	38	0.359705541	2
D0	25	25	60	119	1.390695929	4.237224398	1.141589626	78.77618336	0.916622502	3.047575478	11.99364364	68	0.722258541	5
D0	25	25	60	120	3.201654509	2.833069194	1.270120596	69.04553138	0.836985905	2.534435534	6.13443885	78	0.581731677	6
D1	15	15	30	121	-0.027150065	-30.66054753	0.5970242	NA	0.708747837	1.562864664	3.4334509	8	0.751579034	1
D1	15	15	30	122	1.686336996	1.224511532	0.438051684	73.65202839	0.154048409	0.390679514	1.182100739	6	0.218042388	1
D1	15	15	30	123	1.782613965	0.309070892	0.482022805	39.06880982	0.565528199	0.984956334	2.301645351	7	0.506167427	1
D1	15	15	30	124	10.87701001	0.082235804	0.458346048	15.21246106	0.744745522	1.899592226	3.917658982	14	0.71979953	2
D1	15	15	30	125	2.521298848	0.725801796	0.661289685	52.32544543	0.306701419	0.789273018	1.44237999	11	0.329152414	1
D1	15	15	60	126	1.597650658	0.052524366	0.471875624	10.01608833	0.605777956	1.335105717	2.536641506	12	0.537286065	2
D1	15	15	60	127	9.325306863	0.259713648	0.336579866	43.55466594	0.062882584	0.174409427	1.06710214	6	0.097339755	1
D1	15	15	60	128	8.604098062	0.201206784	0.275696774	42.19024594	0.424990832	0.65667134	1.739102706	10	0.28518874	1
D1	15	15	60	129	1.601859591	0.377168382	0.488787593	43.55514518	0.77781059	1.756286062	4.500664555	23	0.560130538	2
D1	15	15	60	130	20.56664869	0.406275071	0.718790382	36.1112387	0.71285548	1.423775697	3.482566894	13	0.555089204	2
D1	25	25	30	131	0.148193365	1.580672294	1.080706535	59.39298369	0.050269254	0.148161789	1.052930006	8	0.07125076	1
D1	25	25	30	132	7.918777645	0.157423895	0.69173123	18.53888532	0.03728947	0.107599696	1.038733835	7	0.055295306	1
D1	25	25	30	133	0.534671864	7.039104538	0.921734019	88.42164663	0.549191052	1.018010461	2.218234584	14	0.385747763	2
D1	25	25	30	134	5.880373801	0.839052503	0.688348836	54.93333556	0.748005692	1.59894129	3.968343607	11	0.66681031	1
D1	25	25	30	135	5.986122556	0.513642113	0.630848139	44.87955332	0.170584486	0.427125459	1.205668308	10	0.18549823	2
D1	25	25	60	136	1.812207136	0.044311163	0.722172776	5.781094798	0.741362322	1.569601789	3.866412695	11	0.654574787	1
D1	25	25	60	137	13.2680311	0.024414478	0.218196077	10.06323806	0.296536461	0.64489622	1.421537784	9	0.293504918	1
D1	25	25	60	138	5.303771395	0.099226199	0.164077774	37.68503678	0.192887584	0.476308425	1.238984781	12	0.191680611	1
D1	25	25	60	139	5.959727034	0.464080341	1.334386081	25.80422606	0.741781683	1.633942506	3.87269196	15	0.603364925	2
D1	25	25	60	140	19.26830105	0.184817149	0.624083351	22.84794594	0.242738485	0.656936009	1.320547764	20	0.219290627	2
D2	15	15	30	141	4.753314083	0.021312893	1.889098689	NA	0.713957759	1.409671518	3.495987159	5	0.87587816	1
D2	15	15	30	142	1.397513226	0.682009361	0.427904502	61.44705311	0.287908163	0.694204907	1.404313248	7	0.356750751	1
D2	15	15	30	143	NA	0	0.008487652	NA	NA	NA	NA	NA	NA	NA
D2	15	15	30	144	1.382301072	0.016781539	0.062605955	21.13876874	NA	NA	NA	NA	NA	NA
D2	15	15	30	145	0.04581573	0	0.03216441	NA	0.25171665	0.427377761	1.336392156	4	0.308287888	1
D2	15	15	60	146	NA	0	0.005105258	NA	NA	NA	NA	NA	NA	NA
D2	15	15	60	147	10.25695694	0.036999606	0.262167199	12.36755064	0.158093028	0.30404273	1.187779687	6	0.169689478	1
D2	15	15	60	148	3.149425287	0.012310191	0.238490441	4.908357178	0.595605392	1.336730588	2.472832177	15	0.493613666	1
D2	15	15	60	149	9.993370938	0.282793229	0.424522108	39.9812098	0.369967578	0.59909958	1.587219903	8	0.288105998	1
D2	15	15	60	150	0.116369334	0	0.01525244	NA	0.053945368	0.161802143	1.057021408	9	0.073639329	1
D2	25	25	30	151	1.505461836	0.396381919	0.816879807	32.67076759	0.279196897	0.679421408	1.38734142	18	0.235063675	2
D2	25	25	30	152	1.447497593	0.38040165	0.823644595	31.59360794	0.555561219	0.985116586	2.250028674	7	0.506249781	1
D2	25	25	30	153	0.500405541	0	0.752614322	NA	0.717646413	1.57580862	3.541658569	11	0.657163237	1
D2	25	25	30	154	0.685233009	0.304157713	1.036735414	22.68321816	0.850140321	2.121655401	6.672909007	11	0.884799026	1
D2	25	25	30	155	1.394133166	0.006267357	3.526177362	0.177422648	NA	NA	NA	NA	NA	NA
D2	25	25	60	156	1.093427538	4.899092657	1.27350299	79.36843651	0.578225462	0.993183763	2.370934969	14	0.376340352	2
D2	25	25	60	157	2.916457437	1.883977454	1.41894593	57.0396959	0.00225261	0.010157374	1.002257696	5	0.006311132	1
D2	25	25	60	158	3.427017936	3.403014306	1.009676262	77.11880662	0.508260366	0.849104878	2.033596502	11	0.354104238	1
D2	25	25	60	159	21.59778627	0.079960179	0.19451932	29.131567	0.641353811	1.143832454	2.788263283	6	0.638385048	1
D2	25	25	60	160	0.875120155	0.654647557	1.253208626	34.31325499	0.207549858	0.545379545	1.261909042	13	0.212627803	2
SF	15	15	60	167	0.320792014	0.108755826	0.410992532	20.924708	0.651110134	1.514804933	2.866234014	20	0.505654309	2
SF	15	15	60	168	5.055195991	0.301463057	0.157312986	65.71028752	0.597048363	1.48317164	2.481687401	75	0.343526514	NA
SF	25	25	30	171	5.088313409	1.002256942	0.559817866	64.1619042	0.597911973	1.449863133	2.487017602	18	0.501618219	1
SF	25	25	30	172	0.893080666	0.072010741	0.211431289	67.48777877	0.774495368	1.985841977	4.434498711	27	0.602530422	1
SF	25	25	30	173	0.181938411	0.019132612	1.11114808	34.38901946	0.699897187	1.536374081	3.332191362	22	0.497040757	1
SF	25	25	30	174	5.537826519	1.258458854	0.651142503	65.90165268	0.601285143	1.381966444	2.508058033	19	0.469347965	1
SF	25	25	60	176	13.3028307	0.162616535	1.479829021	9.900878283	0.840324454	2.135062285	6.26269973	22	0.690725643	1
SF	25	25	60	177	4.079081002	2.098861204	1.327621293	61.25410551	0.905862799	2.613612125	10.62279297	38	0.718501778	2
SF	25	25	60	178	2.153289417	0.110617997	0.295991138	27.20499546	0.775868837	1.861418571	4.461673176	28	0.558614744	1
SF	25	25	60	179	7.690652286	0	-0.00165953	NA	NA	NA	NA	NA	NA	NA
SF	25	25	60	180	7.426375282	0.065277662	0.404227745	13.90349528	0.824576393	2.315624324	5.700487035	43	0.615661026	1
Bonly	15	15	30	181	0.677537663	0.00491763	0.022017228	18.25749256	0.721256758	2.712248408	3.587530926	163	0.532465924	NA
Bonly	15	15	30	182	8.625768637	0.001144799	0.082900319	1.362124577	0.062165593	0.157800823	1.066286321	7	0.081093582	1
Bonly	15	15	30	183	-0.026662948	0	0.022017228	NA	NA	NA	NA	NA	NA	NA
Bonly	15	15	30	184	0.06497919	0	0.011870046	NA	0.006999809	0.030576088	1.007049152	19	0.010384351	3
Bonly	15	15	30	185	0.162259919	0	0.011870046	NA	0.02897504	0.104879552	1.029839645	22	0.033930156	3
Bonly	15	15	60	186	1.672484178	0.013084183	0.069370743	15.86828523	0.764442235	1.755081032	4.245243205	30	0.516018577	3
Bonly	15	15	60	187	6.889286143	0.005413613	0.069370743	7.238964836	0.227412768	0.470199638	1.294352222	9	0.213997077	1
Bonly	15	15	60	188	7.071684412	0.001820622	0.43466929	0.417105252	0.657614473	1.20693817	2.920684206	17	0.425996218	2
Bonly	15	15	60	189	23.2005152	0.00314935	0.519229139	0.602886613	0.790122923	1.820420408	4.764693755	18	0.629822238	1
Bonly	15	15	60	190	25.1091347	0.067972048	0.715407988	8.676765372	0.479572622	1.084149281	1.921497681	12	0.436293766	1
Bonly	25	25	30	191	7.007246377	0.004324153	0.018634834	18.83425087	0.013726698	0.047287366	1.013917743	7	0.024300899	1
Bonly	25	25	30	192	4.366292876	0.085915163	0.803350231	9.661363583	0.011039838	0.042580383	1.011163077	8	0.020476836	1
Bonly	25	25	30	193	0.131731944	0.006763585	0.084876522	7.380594792	0.4935523	1.013155872	1.97453755	27	0.307404739	4
Bonly	25	25	30	194	6.429088272	0.004895474	0.04907638	9.070420938	0.603449008	1.525935009	2.521743787	16	0.550364718	1
Bonly	25	25	30	195	1.997133616	0.049111819	0.140401016	25.91477179	0.845725857	1.980958594	6.481967634	15	0.731507338	2
Bonly	25	25	60	196	7.559027395	0.039948292	0.065988349	37.70960756	0.735685279	1.628884814	3.783368534	19	0.55320719	2
Bonly	25	25	60	197	10.87942172	0.147090144	0.346727047	29.78635553	0.184780956	0.493292661	1.22666418	14	0.186920025	2
Bonly	25	25	60	198	2.276541812	0.20710811	0.319667896	39.31616238	0.816435873	2.240952098	5.447687491	39	0.611686745	3
Bonly	25	25	60	199	9.076288844	0.012180528	0.948793171	1.267519402	0.55250852	1.353865975	2.234679418	13	0.527833414	1
Bonly	25	25	60	200	24.91562448	0.016876863	0.089665107	15.84057715	0.780645083	1.782526649	4.55882191	13	0.694955884	1